 	Area	Mean	Min	Max	X	Y	Perim.	
1	43	103.628	70	202	252.826	7.058	25.556	
2	5	81.400	70	91	35.300	5.900	7.657	
3	5	89	79	97	836.900	24.700	7.071	
4	4	81.500	73	88	786	25	5.657	
5	17	88.059	70	121	702.853	27.500	18.142	
6	38	78.316	70	94	234.816	32.447	32.627	
7	4	73.750	70	77	70	39	5.657	
8	8	77.125	73	85	232	39.500	10.485	
9	7	86	72	107	180.500	41.500	8.485	
10	44	107.091	70	185	831.455	45.091	30.385	
11	5	81.200	73	93	176.300	43.100	7.657	
12	55	93.418	70	148	505.227	46.718	29.556	
13	9	77.667	72	88	171.167	46.167	12.485	
14	5	74.800	70	78	251.700	43.900	7.657	
15	5	74.400	72	79	836.900	45.700	7.071	
16	9	76.667	70	88	724.611	50.722	11.071	
17	4	78.250	74	87	278	56	5.657	
18	8	80.375	70	97	733.250	56.750	10.485	
19	30	140.067	73	248	285.233	59.300	19.556	
20	11	93.545	70	128	732.409	63.500	12.485	
21	5	78.600	74	86	262.700	65.900	7.657	
22	4	73.250	72	74	826	66	5.657	
23	4	76	70	89	60.500	72	7.657	
24	5	74.200	70	80	91.700	73.900	7.657	
25	4	78.750	72	86	288	75.500	7.071	
26	25	74.920	70	85	474.820	79.820	27.799	
27	11	76.636	70	89	480.591	77.591	14.142	
28	6	75.667	70	88	267.333	84.333	8.485	
29	4	73.250	70	80	254	86.500	7.071	
30	42	131.190	70	235	307	94.690	24.142	
31	27	92.926	70	159	810.278	106.315	24.385	
32	9	73.667	70	81	134.278	107.944	13.899	
33	47	76.468	70	86	799.564	129.330	34.042	
34	5	75.200	70	78	788.300	124.100	7.657	
35	42	83.524	70	108	168.048	139.071	27.213	
36	23	76.435	70	89	796.978	138.065	26.627	
37	29	77.241	70	95	176.397	140.086	22.971	
38	5	78.800	70	91	260.100	138.300	7.657	
39	11	77.909	70	89	267.136	140.773	15.314	
40	4	78.500	74	81	196	140	5.657	
41	4	74	73	77	226	142	5.657	
42	8	87.125	70	101	229.625	142.750	10.485	
43	6	85.333	72	98	194.167	144.667	9.071	
44	11	74.545	70	84	363.591	147.500	13.314	
45	18	98.667	70	146	798.222	161.444	15.314	
46	18	81.944	72	99	792.167	165.556	16.142	
47	29	93.517	70	136	332.466	167.431	19.556	
48	10	79.600	73	92	809.500	172.700	11.071	
49	26	95.346	70	145	794.154	175.154	17.556	
50	6	75.167	70	84	469.333	177.500	10.485	
51	4	81.500	74	87	223	181	5.657	
52	4	80	73	91	520	182	5.657	
53	6	79.167	73	93	465.333	189.333	8.485	
54	4	77.500	73	84	348	192	5.657	
55	4	78.250	73	81	650	194	5.657	
56	5	72.600	70	78	188.500	201.500	8.485	
57	4	79.500	77	83	370	201	5.657	
58	5	76.200	72	83	531.500	206.500	8.485	
59	29	83.345	70	103	358.362	208.810	20.142	
60	4	74.750	72	81	193.500	207.750	7.657	
61	4	75.250	70	83	173.750	211.500	7.071	
62	7	76.714	70	81	161.500	214.500	8.485	
63	159	85.692	70	155	135.223	222.777	70.912	
64	8	78.125	72	85	109	220.750	12.728	
65	9	74.667	70	81	224.167	220.389	10.485	
66	4	75.750	72	80	219	221	5.657	
67	49	74.531	69	86	160.827	225.704	30.042	
68	9	96	70	132	240.500	224.167	10.485	
69	60	102.150	70	209	192.583	227.683	30.142	
70	4	76.500	73	80	398	225	5.657	
71	10	74.900	70	83	122	229	11.314	
72	9	86.444	73	106	460.167	228.944	11.314	
73	6	75.333	72	85	109.333	229.333	8.485	
74	10	75.400	70	81	114.400	231.200	12.485	
75	5	73.800	70	75	202.700	231.900	7.657	
76	26	116.038	70	215	280.231	233.846	17.899	
77	6	81	73	92	410.167	232.667	9.071	
78	7	87.286	73	105	387.071	233.214	10.485	
79	10	71.200	70	73	487.700	234.200	13.314	
80	25	81.360	70	105	205.140	236.100	27.213	
81	5	73.600	70	79	222.300	234.100	7.657	
82	7	76.571	72	84	350.214	235.500	9.071	
83	9	75.111	70	84	312.500	236.611	11.899	
84	82	114.561	70	255	275.976	241.744	42.870	
85	92	103.033	70	195	69.217	243.630	38.042	
86	6	73.500	70	80	189.500	240.167	10.485	
87	7	74.429	70	84	350.786	241.786	10.485	
88	5	76.200	70	83	38.300	244.100	7.657	
89	224	96.500	70	233	44.201	255.375	82.811	
90	4	75	74	77	413	244	5.657	
91	8	76.625	70	83	33.375	247.500	11.899	
92	4	72.750	72	74	28	248	5.657	
93	103	82.699	70	116	60.063	254.908	55.841	
94	7	82.143	72	93	314.929	250.643	10.485	
95	6	75.833	70	81	78.500	253.667	8.485	
96	7	79.143	70	88	548.643	254.929	11.899	
97	4	71.500	70	74	201	265	5.657	
98	4	81	77	84	244	266	5.657	
99	6	79.333	70	95	127	268.500	7.657	
100	4	71	70	72	32.750	270.500	7.071	
101	14	75.571	70	83	25.857	272.286	15.314	
102	4	73.250	72	77	346	272	5.657	
103	140	105.664	70	255	391.207	278.636	59.012	
104	10	76	70	86	341.200	274.800	11.899	
105	18	81.333	70	110	120.889	275.389	18.142	
106	131	78.840	68	110	31.668	282.011	77.740	
107	15	77.133	70	88	100.633	275.833	15.899	
108	9	77.556	70	85	357.167	277.833	11.314	
109	5	73.400	70	77	595.300	277.900	7.657	
110	5	76.800	70	86	0.900	279.700	7.071	
111	91	122.659	70	255	338.159	286.005	45.941	
112	9	73	70	77	41.167	282.944	15.556	
113	6	71.667	70	75	422.667	281.333	8.485	
114	6	79.500	72	89	411.333	285.333	8.485	
115	4	72.750	70	75	16	286	5.657	
116	3215	83.505	67	255	443.245	345.078	873.426	
117	4	78.250	74	84	148	289	5.657	
118	4	77.500	70	85	625	290.500	7.071	
119	25	74.520	70	83	23.260	294.500	25.213	
120	4	73	72	74	38	294	5.657	
121	7	72.571	70	75	327.214	295.786	11.314	
122	6	75.500	72	86	357.333	295.333	8.485	
123	4	71.750	70	74	394.500	297	7.657	
124	16	78.875	70	92	347.188	299.250	14.728	
125	12	73.167	70	78	372.667	299.250	16.728	
126	20	77.400	70	93	379.750	300.350	16.485	
127	8	79	70	89	32.375	301.375	9.071	
128	4	72	70	74	388.750	303.750	7.657	
129	5	73	70	78	382.500	305.300	8.485	
130	85	91.176	70	178	465.371	313.994	41.113	
131	10	73.900	70	79	654.100	308.300	16.728	
132	4	74.750	73	77	661	311	5.657	
133	5	72.800	70	78	371.500	313.300	8.485	
134	4	81	72	92	555.500	315	7.657	
135	4	78.500	74	85	156	316	5.657	
136	18	76.278	70	85	380.444	318	19.556	
137	6	72	70	74	455.833	318.333	9.071	
138	5	74.200	70	79	41.100	319.300	7.657	
139	8	78.875	70	92	397.375	319.375	9.071	
140	16	76.313	70	87	27.625	322.688	15.314	
141	4	71.750	70	73	441	324.500	7.071	
142	9	75.444	70	85	382.389	327.056	14.728	
143	9	71.889	70	74	24.944	327.278	12.485	
144	6	75.667	70	80	146.167	327.833	9.071	
145	12	85.500	73	110	366.167	329.583	12.485	
146	11	73.545	70	83	402.591	329.227	12.485	
147	47	78.489	70	105	487.074	333.606	26.385	
148	8	73	70	77	420	333.375	10.485	
149	6	79.500	72	91	362.500	335.667	8.485	
150	9	70.667	70	72	411.722	335.500	15.314	
151	5	76	72	80	472.900	336.700	7.071	
152	5	74.400	72	81	44.900	338.300	7.657	
153	5	72.200	70	74	394.900	338.300	7.657	
154	5	77.400	70	92	799.900	338.700	7.071	
155	9	72.444	70	77	132.500	339.278	14.485	
156	4	70.750	70	73	419.500	340	7.657	
157	32	75.125	70	81	127.500	345.031	24.728	
158	7	82.286	70	98	347.500	341.214	9.071	
159	4	77.750	72	87	498.750	342.500	7.071	
160	22	79.318	70	98	139.727	343.818	24.385	
161	56	78.036	70	104	387.304	346.214	38.627	
162	8	72.250	70	77	366.875	344.250	10.485	
163	6	76.667	72	84	121.333	346.333	8.485	
164	10	71.200	70	73	402.600	346.700	13.314	
165	36	75.222	70	83	355.944	351.444	30.385	
166	16	72.688	70	78	343.125	351.563	20.385	
167	23	74.652	70	87	378.674	351.804	21.799	
168	65	74.354	69	88	407.485	356.162	38.284	
169	8	74	70	79	412.625	351.375	9.071	
170	8	72.750	70	77	385.250	353	14.142	
171	8	72.250	70	74	487	354	9.657	
172	35	86.371	70	116	298.700	356.271	22.142	
173	11	82.182	72	100	392.045	355.682	11.899	
174	5	75.800	72	85	42.300	356.100	7.657	
175	17	98.529	70	149	803.676	358.559	18.728	
176	4	71.750	70	73	394.750	361.500	7.071	
177	5	75.800	70	80	491.700	360.900	7.657	
178	41	72.561	70	79	373.646	366.744	36.527	
179	18	74.500	70	88	389.111	364.611	17.556	
180	8	74	70	80	415.250	365.125	10.485	
181	7	73.857	70	80	488.214	373.500	9.071	
182	18	87.611	72	128	811.056	374.500	16.142	
183	6	71.333	70	74	393.667	375.333	8.485	
184	6	75	70	78	341.667	376.167	9.071	
185	7	74.571	70	81	411.500	376.214	9.071	
186	4	72.250	70	75	348	377	5.657	
187	34	79.118	70	120	407.618	380.471	33.456	
188	4	71.750	70	74	468.500	379	7.657	
189	4	71.250	70	73	345.500	379.750	7.657	
190	146	75.438	67	100	366.767	393.082	104.610	
191	8	76.750	70	88	380	384.375	10.485	
192	10	74.900	70	83	392.500	385.400	12.485	
193	44	78.182	70	96	506.409	385.659	37.456	
194	27	77.185	70	93	402.278	387.611	21.314	
195	4	71	70	74	344	387	5.657	
196	6	72.833	70	78	419.833	388.167	9.071	
197	5	74.400	70	79	384.700	389.900	7.657	
198	111	74.405	68	91	457.239	398.347	67.497	
199	16	71.250	69	73	472.688	394.625	18.142	
200	10	90.900	72	121	821	394.800	11.899	
201	7	74.714	70	80	436.500	397.500	8.485	
202	4	74	72	77	407.500	397.750	7.657	
203	5	71	70	75	471.100	399.300	9.899	
204	12	71.667	70	74	374	402	14.728	
205	4	74.750	73	77	416	401	5.657	
206	22	85.955	70	132	438.364	402.727	16.728	
207	6	71.333	70	73	388.500	402.667	8.485	
208	122	74.926	68	101	430.189	412.639	83.397	
209	22	80.545	70	107	371.500	407.500	22.971	
210	5	77	72	79	445.700	405.900	7.657	
211	60	73.250	70	86	415.783	410.383	42.770	
212	6	72.500	70	77	450	407	9.657	
213	4	72.750	70	75	827	407	5.657	
214	8	74.625	70	79	403.750	408.625	10.485	
215	46	98.087	70	155	542.196	411.783	26.385	
216	345	74.968	67	101	390.633	425.106	137.581	
217	8	85.250	73	104	473	413.375	10.485	
218	12	71.083	70	73	490.167	415.583	13.314	
219	4	73.250	72	75	525.750	414.750	7.071	
220	8	86.250	70	112	105.375	416	10.485	
221	9	74.778	70	81	441.944	415.611	10.485	
222	24	71.833	70	79	462.583	419.417	25.799	
223	27	74.667	70	86	403.278	417.389	21.556	
224	5	73.400	70	78	485.300	416.100	7.657	
225	25	75.200	67	93	421.380	423.260	20.971	
226	17	85.235	70	117	480.794	422.206	14.485	
227	7	71.571	70	75	402.929	422.929	10.485	
228	15	90.667	70	131	709.567	422.767	13.314	
229	7	81.143	70	91	714.500	422.786	8.485	
230	10	74.200	70	84	490.500	424.700	11.899	
231	8	72.250	70	75	531	425	12.728	
232	13	79.154	70	99	412.269	425.269	13.314	
233	20	76.700	70	95	467.150	426.250	15.899	
234	11	73.364	70	79	400.136	426.955	11.314	
235	6	71.500	70	73	425.500	426	7.657	
236	83	74.747	69	91	433.151	431.596	64.912	
237	9	91	74	115	247.389	427.833	10.485	
238	76	71.605	68	81	451.118	432.421	52.426	
239	10	78.700	70	92	484.800	427.900	11.899	
240	9	72.333	70	75	534.944	428.500	12.485	
241	12	71.917	70	75	474	429.500	11.657	
242	13	73	68	80	374.808	431.038	13.899	
243	10	72.400	70	75	411.400	430.200	12.485	
244	28	88.750	74	107	574.286	431.321	18.728	
245	4	73	70	77	234.750	432.500	7.071	
246	20	79.400	70	101	543.450	433.900	16.728	
247	15	78.067	72	95	382.700	435.833	18.971	
248	21	74.571	70	83	489.500	435.595	17.314	
249	25	93.680	70	154	242.340	436.900	17.899	
250	15	75.667	70	88	408.833	436.767	15.314	
251	92	84.707	70	115	509.587	441.130	40.870	
252	28	75.036	70	89	465.464	439.786	23.556	
253	4	70.750	70	73	441	438.500	7.071	
254	5	73	70	77	428.700	439.300	8.485	
255	4	74	70	79	432.250	439.250	7.657	
256	115	74.557	69	101	455.648	444.743	52.426	
257	11	77.545	72	88	554.045	439.682	11.899	
258	4	72	70	74	372.750	440.500	7.071	
259	5	75	72	85	759.300	440.100	7.657	
260	63	74.857	70	97	441.627	444.087	34.870	
261	4	74.250	70	79	500	442	5.657	
262	5	73.400	72	75	424.700	443.900	7.657	
263	6	76.333	72	83	496.333	445.333	8.485	
264	6	73.167	70	78	404.333	446.333	8.485	
265	44	79.477	70	115	415.250	448.841	36.870	
266	110	74.591	69	89	472.327	451.473	72.326	
267	808	83.631	69	135	233.427	469.972	183.522	
268	4	81.750	70	89	574	449.500	7.071	
269	8	76.500	72	85	429	450.750	11.314	
270	7	77	72	85	387.786	451.357	9.071	
271	43	71.605	70	78	448.337	454.895	29.213	
272	13	78.538	70	94	455.962	454.115	12.485	
273	4	74.750	72	78	433	456	5.657	
274	5	74.600	70	79	507.700	456.900	7.657	
275	7	72.714	70	78	445.929	459.500	10.485	
276	7	75.286	72	80	417.500	461.786	8.485	
277	11	73.091	70	80	455.318	462.864	13.899	
278	9	74.444	70	83	460.167	463.944	11.314	
279	16	77.125	70	91	493.188	464.250	14.728	
280	7	73.143	70	79	504.643	464.071	9.899	
281	11	75.636	70	84	423.136	465.500	12.728	
282	66	73.242	70	84	465.364	469.742	52.426	
283	4	74.500	72	78	367	466	5.657	
284	5	75.400	70	85	374.300	468.100	7.657	
285	5	82	78	85	315.900	469.700	7.071	
286	17	104.529	70	169	357.912	470.382	13.899	
287	16	72.813	70	77	442.813	471	15.314	
288	7	78.714	74	88	474.500	469.500	8.485	
289	5	80.800	70	91	772.900	470.700	7.071	
290	7	88.429	70	112	337.500	471.214	9.071	
291	8	73.875	72	81	516.375	471.375	9.071	
292	5	75.200	70	81	525.700	472.300	8.485	
293	6	74	70	84	482.333	475.333	8.485	
294	60	87.017	70	129	124.783	481.067	34.971	
295	11	85.727	70	112	447.955	476.955	11.899	
296	5	92.600	73	111	837.300	476.900	9.071	
297	4	71.250	70	73	458.750	477	8.485	
298	18	77.889	70	88	476.778	480.222	16.971	
299	9	74.778	70	83	138.167	479.944	11.314	
300	19	79.684	70	98	278.816	481.500	17.071	
301	16	76.188	70	89	456.938	482.188	15.314	
302	7	76.286	70	86	484.214	482.500	9.071	
303	34	77.382	70	100	216.324	491.118	30.385	
304	10	90.600	74	114	573	488.500	10.485	
305	23	76.478	70	91	122.109	493.717	23.556	
306	26	76.423	70	89	130.577	495.231	22.971	
307	6	74.833	72	80	251	494	9.657	
308	45	102.978	70	171	836.544	501.567	38.728	
309	5	74.600	72	77	516.700	494.900	7.657	
310	4	74.750	70	78	211	496	5.657	
311	10	89.700	72	120	541.300	497.400	11.071	
312	5	74	70	77	214.700	498.300	8.485	
313	4	74.750	70	81	223.500	499	7.657	
314	5	75.800	72	79	219.900	500.700	7.071	
315	5	72	70	74	207.300	501.300	8.485	
316	4	74	70	78	245.500	501	7.657	
317	18	73.556	70	79	474.167	504.056	16.142	
318	4	82.250	78	87	550	502	5.657	
319	42	85.357	70	111	320.381	511.524	26.385	
320	9	77.778	70	84	547.833	511.611	10.485	
321	4	75	72	78	206	512	5.657	
322	11	87.182	72	109	353.409	515.864	11.071	
323	84	101.310	70	191	467.810	523.667	46.770	
324	20	97.900	70	164	333.100	519.850	20.142	
325	6	72.500	70	78	625.667	522.333	11.071	
326	28	75.071	70	85	425.964	525.214	24.142	
327	4	78	72	86	603.500	524	7.657	
328	4	76.750	70	85	194	526.500	7.071	
329	274	91.518	69	146	567.682	538.106	73.841	
330	222	120.590	70	255	801.631	534.559	67.012	
331	5	72.200	70	75	257.700	532.100	9.899	
332	22	83.045	70	107	243.136	533.773	16.728	
333	6	82.500	73	98	418.333	541.333	8.485	
334	6	74.667	70	79	434.333	541.167	9.657	
335	5	70	70	70	535.700	541.100	7.657	
336	4	72.750	70	77	580	543	5.657	
337	5	72.600	70	74	798.900	545.700	7.071	
338	5	79	70	92	159.300	546.500	8.485	
339	10	79.400	70	94	212.200	547.500	11.899	
340	94	104.713	70	235	299.319	551.681	42.870	
341	5	82.200	77	89	688.100	548.300	7.657	
342	8	82	70	100	478.375	555	10.485	
343	42	75.429	70	85	173.833	558.310	30.627	
344	5	76	70	81	582.700	554.900	7.657	
345	7	75.429	70	85	344.214	558.357	10.485	
346	6	89	75	99	536.667	561.667	8.485	
347	11	92.091	72	130	202.136	562.955	11.314	
348	14	80.429	72	99	167.786	564.357	15.314	
349	7	78.429	70	88	176.357	566.786	9.071	
350	33	87.667	70	119	451.076	570.258	20.142	
351	28	74.571	70	83	263.250	572.429	21.556	
352	4	80	73	88	298.750	576.500	7.071	
353	15	77.067	70	87	266.967	582.900	16.728	
354	23	85.739	70	130	303.804	587.022	22.385	
355	5	80.600	70	89	604.900	586.700	7.071	
356	7	80.714	75	89	265.500	587.500	8.485	
357	138	90.348	69	255	582.406	592.812	51.941	
358	56	117.500	70	192	295.482	595.232	26.971	
359	67	114.881	70	246	696.082	595.978	34.042	
360	6	74.167	70	80	262.667	593.333	8.485	
361	6	77.167	72	86	482.167	593.833	9.071	
362	28	108.679	70	193	609.786	596.393	19.556	
363	11	118.545	75	198	837.136	596.318	15.071	
364	9	81.333	70	95	452.611	595.833	10.485	
365	10	85.300	72	107	212.300	597	10.485	
366	20	76.850	70	87	593.850	600.800	15.899	
367	6	77.167	72	91	517.333	601.333	8.485	
368	8	81.875	73	95	212.250	602.375	10.485	
369	40	86	70	145	621.525	607.850	33.456	
370	7	91	72	114	514.214	605.500	9.071	
371	52	100.654	70	159	545.115	608	26.971	
372	14	76.214	70	83	144	607.857	15.314	
373	4	75	72	78	605	607	5.657	
374	10	77	70	86	563.500	611.200	13.314	
375	4	75.500	73	79	614.750	610.500	7.071	
376	7	79.429	70	91	133.643	614.214	9.071	
377	15	77.267	70	87	252.100	615.433	13.314	
378	17	78.529	72	101	127.206	618.441	20.142	
379	7	84.857	74	101	133.500	618.500	8.485	
380	5	75.600	70	86	553.100	618.300	7.657	
381	39	129.974	70	255	552.244	625.295	22.971	
382	30	96.100	70	139	442.767	627.100	23.556	
383	8	79	70	93	593.375	625.375	9.071	
384	14	81.357	70	97	260.857	628.500	13.314	
385	4	77	73	84	562	628	5.657	
386	7	74.143	70	79	684.071	632.357	11.071	
387	4	84.500	79	91	126	634	5.657	
388	28	88.321	72	120	740.714	638	18.142	
389	10	79.100	70	87	282.800	639.800	11.314	
390	23	124.565	72	243	604.630	640.500	18.142	
391	25	93.080	70	136	535.420	643.620	18.728	
392	5	79	70	86	648.700	641.900	7.657	
393	5	72.800	70	77	202.300	643.500	8.485	
394	27	76.926	70	89	699.722	644.648	26.385	
395	4	71.500	70	74	208	645	5.657	
396	5	76	72	80	279.700	644.900	7.657	
397	111	127.387	70	255	491.833	651.878	38.627	
398	6	77.167	70	89	632.333	650.167	9.071	
399	6	73.500	70	79	604.333	651.333	8.485	
400	8	75.250	70	84	733.750	655.500	10.485	
401	25	75	70	81	662.300	659.020	22.142	
402	8	74.250	70	80	112.625	659.625	9.071	
403	4	77	72	84	464.750	660.500	7.071	
404	16	78.750	70	88	821.125	661.938	13.899	
405	8	89.125	74	112	336.375	663.625	9.071	
406	5	76.400	70	80	560.100	667.300	7.657	
407	9	84.222	73	99	117.389	669.833	10.485	
408	179	80.313	70	119	553.439	679.746	93.640	
409	5	75.600	70	86	287.300	670.100	7.657	
410	30	77.133	70	89	659.567	672.133	21.314	
411	6	79.667	72	87	287.500	675	7.657	
412	20	95.750	70	145	657.300	680.050	16.142	
413	7	78.857	72	88	717.500	679.214	9.071	
414	8	91.375	73	121	291.375	680.625	9.071	
415	6	73.333	70	83	539.333	684.333	8.485	
416	8	73.250	70	78	560.625	684.375	9.071	
417	4	75	70	86	757	684	5.657	
418	52	112.231	70	223	678.827	688.231	26.385	
419	19	97.842	72	146	705.342	686.500	15.314	
420	17	87.059	70	118	299.912	690.382	13.899	
421	4	75.500	72	84	258.750	690.500	7.071	
422	5	75.600	70	88	572.300	690.500	8.485	
423	21	78.857	70	91	588.500	691.024	17.314	
424	10	76.800	70	86	543	691.500	10.485	
425	8	80.125	70	95	551	694.375	10.485	
426	99	88.929	70	137	709.500	700.096	38.627	
427	5	82.400	75	91	680.700	696.900	7.657	
428	43	99.233	70	181	304.221	700.407	26.385	
429	8	88	74	110	263.625	706.375	9.071	
430	53	120.170	70	241	664.085	708.500	26.385	
431	15	86.200	70	114	416.300	710.433	15.314	
432	39	108.051	70	186	613.474	725.269	23.556	
433	18	117.833	72	189	742.944	725.611	15.899	
434	57	89.965	70	152	679.553	732.675	30.385	
435	67	118.597	70	240	755.978	733.649	30.385	
436	50	107.560	70	205	783.080	733.180	26.142	
437	4	76	72	80	360.500	732	7.657	
438	7	80.429	73	94	263.500	733.214	9.071	
439	130	110.292	70	235	324.277	739.923	46.284	
440	12	72.750	70	78	361.750	737.250	19.314	
441	9	81.889	73	87	367.167	736.722	11.899	
442	5	74.200	72	80	338.300	736.900	7.657	
443	26	78.308	70	92	30.500	740.962	25.799	
444	29	113.862	70	230	395.638	740.086	18.728	
445	41	112.195	69	226	345.500	741.768	25.556	
446	4	74	70	86	634	741.500	7.071	
447	4	77.500	73	79	38	743	5.657	
448	31	118.097	73	221	801.306	744.855	20.142	
449	13	75.308	70	86	685.731	745.423	16.728	
450	16	77.563	70	92	691.625	745.438	14.142	
451	18	81.944	70	99	352.222	746.833	17.556	
452	35	118.971	70	250	359.443	747.186	21.556	
453	43	106.907	70	185	387.756	748.640	24.385	
454	21	88.667	70	121	821.214	750.405	17.314	
455	4	83	78	88	374	750	5.657	
456	21	111.238	74	173	398.929	752.214	16.485	
457	4	85.250	72	101	351	753.500	8.828	
Statistics for red channel puncta:
Number: 53
Avg. Area: 17.6 (17.566037735849058)
Avg. Min: 67.4 (67.41509433962264)
Avg. Max: 125.2 (125.16981132075472)
Avg. Mean: 91.7 (91.74616658912515)
Statistics for green channel puncta:
Number: 457
Avg. Area: 29.7 (29.678336980306344)
Avg. Min: 70.7 (70.74617067833698)
Avg. Max: 102.1 (102.10722100656456)
Avg. Mean: 81.0 (80.99939312089715)
Statistics for colocalized puncta:
Number: 47
Avg. Area: 144.0 (144.0212765957447)
Avg. Min: 68.7 (68.69148936170212)
Avg. Max: 149.9 (149.90425531914894)
Avg. Mean: 94.5 (94.50137556360123)
